10000_0, 26, 88, 112, 177, 166, 139, 180, 159, 145, 6, 184, 148, 15, 111, 163, 169, 87, 176, 346, 164, 188, 11, 167, 209, 24, 56, 223, 148, 135, 227, 174, 125, 250, 354, 91, 269, 134, 157, 268, 183, 118, 278, 142, 148, 277, 166, 60, 283, 121, 183, 291, 212, 159, 293, 173, 212, 296, 79, 136, 305, 115, 191, 304, 203, 209, 311, 259, 154, 317, 101, 243, 318, 84, 39, 321, 297, 129, 331, 290,
10000_1, 44, 185, 30, 24, 183, 35, 200, 167, 48, 14, 100, 64, 181, 85, 100, 173, 17, 105, 165, 25, 111, 354, 239, 110, 194, 158, 124, 183, 151, 129, 6, 177, 132, 15, 209, 139, 200, 224, 144, 24, 104, 146, 169, 77, 159, 349, 156, 169, 17, 161, 193, 24, 48, 206, 145, 123, 213, 169, 235, 224, 49, 120, 227, 11, 136, 230, 181, 83, 251, 132, 149, 251, 186, 108, 260, 136, 139, 260, 166, 51, 267, 121, 150, 275, 169, 205, 281, 84, 129, 287, 120, 163, 291, 165, 184, 297, 197, 202, 298, 262, 30, 303, 298, 141, 301, 101, 233, 301, 84, 188, 306, 186, 158, 309, 24, 121, 313, 290, 178, 318, 356, 210, 323, 145, 53, 327, 98, 83, 325, 97, 110, 331, 79,
10001_0, 13, 47, 50, 6, 131, 59, 41, 169, 91, 62, 90, 102, 48, 84, 106, 207, 31, 110, 169, 27, 122, 342, 132, 139, 79, 90, 174, 255, 168, 176, 84, 97, 186, 276, 156, 213, 93, 60, 228, 295,
10001_1, 24, 151, 54, 193, 137, 55, 18, 95, 66, 14, 156, 91, 200, 193, 101, 208, 58, 104, 10, 133, 105, 200, 120, 118, 200, 167, 136, 184, 110, 149, 338, 96, 174, 188, 22, 184, 349, 60, 193, 180, 88, 198, 6, 177, 202, 42, 213, 235, 68, 133, 249, 51, 127, 255, 208, 70, 257, 166, 40, 273, 325, 64, 271, 339, 168, 286, 82, 126, 325, 263, 132, 335, 281,
10002_0, 31, 169, 28, 28, 211, 42, 217, 143, 56, 188, 148, 78, 27, 131, 93, 183, 228, 135, 229, 126, 142, 180, 41, 147, 113, 132, 151, 174, 197, 153, 226, 58, 162, 302, 136, 173, 170, 136, 196, 131, 54, 199, 101, 99, 205, 291, 137, 210, 41, 76, 215, 278, 137, 216, 58, 135, 222, 70, 97, 225, 91, 189, 237, 240, 223, 264, 243, 30, 272, 98, 42, 286, 93, 179, 297, 232, 200, 310, 229, 101, 317, 239, 221, 323, 228, 125, 327, 229, 193, 341, 200, 132, 344, 204,
10002_1, 28, 154, 18, 35, 193, 34, 225, 125, 38, 197, 124, 58, 34, 105, 73, 186, 15, 117, 114, 174, 116, 56, 98, 122, 186, 200, 125, 235, 104, 132, 180, 184, 131, 236, 30, 136, 305, 168, 141, 233, 103, 153, 174, 23, 173, 104, 104, 180, 138, 66, 181, 297, 43, 189, 284, 63, 203, 96, 98, 203, 76, 149, 218, 250, 194, 238, 72, 182, 252, 243, 134, 278, 233, 61, 287, 250, 156, 292, 229, 18, 309, 214, 43, 338, 211,
10003_0, 17, 119, 48, 325, 72, 52, 322, 93, 126, 149, 139, 136, 153, 61, 146, 329, 103, 146, 332, 47, 170, 148, 203, 190, 11, 180, 208, 169, 135, 225, 333, 177, 237, 3, 89, 242, 318, 148, 266, 338, 165, 277, 3, 94, 294, 316, 169, 297, 27, 124, 333, 335,
10003_1, 28, 126, 15, 328, 129, 31, 139, 204, 44, 0, 133, 49, 326, 85, 58, 322, 225, 77, 359, 221, 107, 8, 106, 124, 152, 151, 136, 158, 73, 142, 333, 115, 143, 336, 60, 165, 143, 215, 191, 17, 240, 200, 203, 189, 208, 169, 146, 223, 332, 96, 236, 319, 187, 236, 6, 160, 262, 343, 176, 274, 11, 231, 275, 46, 105, 291, 314, 178, 295, 30, 239, 312, 66, 132, 326, 335, 94, 336, 315, 26, 339, 323, 136, 340, 349,
10004_0, 29, 37, 77, 314, 161, 131, 14, 101, 133, 319, 29, 139, 125, 82, 139, 302, 194, 146, 41, 158, 152, 27, 43, 155, 113, 106, 163, 315, 144, 169, 21, 122, 173, 335, 209, 177, 55, 129, 184, 7, 135, 198, 65, 190, 197, 70, 60, 199, 107, 131, 207, 114, 135, 211, 104, 139, 221, 96, 106, 229, 293, 87, 234, 278, 189, 237, 76, 155, 264, 107, 105, 266, 290, 208, 275, 82, 83, 290, 293, 143, 304, 297, 87, 319, 312, 114, 334, 332,
10004_1, 28, 178, 128, 14, 117, 132, 318, 47, 135, 121, 99, 139, 301, 212, 143, 44, 174, 149, 27, 60, 153, 113, 124, 160, 315, 163, 166, 25, 139, 171, 333, 226, 174, 55, 147, 181, 8, 207, 194, 70, 78, 196, 107, 152, 196, 63, 156, 218, 93, 124, 226, 294, 105, 231, 278, 206, 232, 79, 123, 262, 293, 173, 262, 107, 225, 273, 82, 101, 287, 291, 161, 300, 298, 79, 307, 298, 104, 317, 312, 129, 333, 332, 100, 345, 339,
10005_0, 36, 156, 16, 6, 34, 32, 136, 54, 42, 333, 138, 41, 177, 28, 57, 322, 49, 62, 141, 158, 74, 188, 223, 103, 41, 62, 115, 127, 205, 123, 53, 146, 144, 28, 91, 150, 312, 198, 153, 229, 225, 153, 240, 189, 158, 60, 110, 169, 321, 123, 177, 350, 48, 180, 110, 213, 194, 73, 82, 200, 93, 206, 204, 250, 150, 214, 98, 125, 222, 276, 171, 222, 82, 58, 232, 87, 133, 233, 273, 140, 240, 276, 160, 244, 94, 145, 251, 219, 44, 255, 93, 85, 261, 59, 146, 259, 207, 75, 263, 72, 171, 275, 229, 81, 281, 252, 63, 286, 69,
10005_1, 45, 54, 19, 138, 160, 21, 174, 75, 25, 332, 51, 41, 316, 71, 46, 139, 182, 54, 188, 85, 96, 125, 227, 105, 55, 168, 123, 32, 114, 130, 312, 220, 135, 231, 210, 140, 63, 132, 149, 318, 144, 156, 350, 150, 162, 117, 72, 163, 110, 157, 178, 98, 234, 179, 79, 105, 183, 96, 225, 187, 253, 170, 197, 98, 145, 204, 278, 191, 203, 84, 152, 213, 278, 81, 216, 90, 159, 221, 278, 179, 227, 103, 166, 235, 221, 66, 240, 98, 166, 243, 208, 232, 242, 259, 106, 245, 63, 95, 247, 59, 190, 260, 229, 105, 264, 248, 223, 278, 240, 207, 280, 229, 72, 284, 298, 52, 292, 293, 186, 293, 194, 79, 296, 11, 204, 296, 215, 69, 308, 0, 179, 309, 11, 139, 319, 207,
10006_0, 25, 109, 67, 203, 172, 68, 27, 163, 71, 210, 92, 81, 188, 65, 103, 172, 48, 117, 356, 31, 120, 169, 86, 118, 8, 171, 121, 204, 88, 135, 188, 21, 169, 346, 195, 175, 214, 120, 196, 191, 108, 215, 11, 138, 227, 198, 60, 243, 6, 79, 245, 176, 92, 252, 172, 102, 263, 14, 195, 273, 207, 118, 274, 194, 125, 299, 183, 72, 324, 138, 46, 326, 131, 136, 335, 177,
10006_1, 22, 155, 93, 204, 70, 94, 8, 73, 111, 191, 233, 141, 226, 179, 148, 211, 109, 175, 194, 91, 192, 14, 120, 204, 198, 41, 221, 0, 62, 222, 173, 75, 229, 172, 84, 241, 11, 240, 247, 222, 103, 252, 191, 175, 252, 210, 207, 270, 218, 109, 277, 183, 55, 305, 135, 31, 307, 132, 118, 314, 174, 47, 334, 122, 82, 344, 132,
10007_0, 42, 183, 51, 44, 174, 64, 212, 126, 80, 197, 143, 88, 24, 205, 88, 226, 107, 105, 193, 173, 105, 214, 58, 125, 165, 39, 139, 340, 200, 150, 225, 132, 173, 35, 55, 182, 158, 53, 192, 349, 122, 195, 38, 118, 203, 210, 172, 202, 224, 89, 211, 186, 238, 218, 80, 73, 228, 160, 241, 235, 260, 163, 241, 65, 74, 248, 135, 84, 252, 124, 88, 266, 97, 23, 272, 117, 177, 273, 69, 81, 275, 101, 117, 277, 75, 89, 281, 90, 130, 280, 73, 221, 281, 70, 96, 285, 82, 61, 303, 83, 48, 306, 91, 99, 309, 266, 136, 317, 266, 64, 323, 259, 72, 325, 270, 78, 336, 276, 204, 338, 75, 184, 348, 262, 103, 349, 287,
10007_1, 43, 216, 45, 46, 207, 59, 217, 157, 72, 203, 171, 82, 31, 236, 83, 229, 139, 97, 197, 206, 100, 215, 89, 115, 167, 68, 128, 343, 229, 147, 226, 160, 166, 41, 83, 171, 160, 82, 181, 352, 148, 187, 44, 145, 195, 211, 199, 199, 228, 116, 203, 190, 33, 209, 132, 98, 219, 160, 95, 236, 136, 188, 239, 70, 108, 242, 122, 36, 258, 111, 112, 256, 98, 104, 268, 104, 198, 269, 72, 111, 274, 93, 141, 275, 80, 152, 276, 77, 242, 282, 70, 132, 292, 93, 70, 297, 90, 145, 310, 267, 156, 310, 269, 94, 315, 270, 147, 320, 93, 241, 321, 264, 100, 329, 276, 204, 336, 273, 130, 338, 281, 34, 342, 82, 45, 340, 75, 103, 344, 259,
10008_0, 27, 118, 25, 191, 169, 42, 218, 43, 44, 153, 221, 60, 58, 230, 85, 233, 93, 89, 174, 145, 108, 208, 54, 116, 336, 131, 119, 41, 137, 142, 211, 37, 152, 134, 68, 155, 148, 23, 167, 307, 47, 168, 318, 12, 204, 114, 103, 204, 177, 148, 202, 60, 166, 235, 245, 105, 239, 90, 23, 246, 94, 147, 244, 239, 40, 258, 278, 217, 265, 246, 60, 278, 93, 180, 286, 70, 163, 322, 253, 180, 336, 62,
10008_1, 29, 151, 45, 188, 202, 63, 217, 83, 65, 165, 49, 89, 328, 124, 107, 174, 177, 127, 211, 85, 132, 340, 164, 139, 42, 168, 160, 211, 66, 170, 136, 97, 172, 149, 32, 182, 122, 51, 184, 309, 76, 184, 319, 38, 220, 113, 132, 220, 179, 176, 220, 60, 125, 244, 113, 22, 251, 288, 194, 255, 245, 49, 261, 100, 174, 262, 240, 144, 269, 72, 65, 277, 278, 91, 291, 98, 241, 296, 249, 208, 305, 72, 164, 329, 76, 186, 342, 259,
10009_0, 48, 172, 19, 145, 185, 24, 354, 79, 27, 312, 156, 30, 335, 109, 49, 322, 230, 63, 183, 30, 65, 308, 164, 72, 163, 143, 78, 333, 159, 96, 349, 15, 111, 308, 33, 112, 128, 139, 117, 145, 184, 127, 167, 133, 137, 328, 220, 138, 13, 165, 147, 343, 63, 160, 302, 230, 165, 193, 19, 166, 305, 46, 174, 302, 58, 182, 129, 191, 184, 10, 146, 189, 339, 65, 191, 314, 112, 195, 325, 126, 201, 145, 225, 202, 28, 132, 211, 332, 143, 250, 335, 133, 258, 315, 216, 264, 46, 141, 269, 136, 176, 270, 46, 151, 271, 352, 126, 284, 312, 83, 288, 319, 198, 288, 73, 178, 289, 221, 65, 293, 305, 127, 293, 121, 142, 293, 352, 76, 302, 333, 146, 302, 94, 107, 306, 122, 135, 304, 110, 204, 308, 75, 145, 315, 113,
10009_1, 34, 169, 31, 339, 203, 66, 0, 97, 69, 323, 144, 68, 343, 105, 83, 332, 156, 95, 155, 50, 98, 322, 60, 100, 142, 94, 108, 332, 185, 107, 3, 147, 110, 346, 215, 129, 181, 57, 131, 131, 166, 147, 353, 58, 152, 312, 84, 176, 323, 214, 178, 177, 141, 195, 156, 121, 204, 336, 144, 218, 343, 121, 241, 146, 159, 248, 165, 106, 257, 325, 199, 256, 6, 145, 266, 345, 208, 280, 186, 40, 285, 322, 173, 297, 6, 124, 306, 340, 87, 307, 326, 204, 315, 23, 103, 318, 153, 111, 326, 336, 206, 342, 200,
10010_0, 34, 103, 60, 326, 184, 63, 186, 124, 68, 346, 210, 68, 210, 142, 106, 347, 86, 126, 319, 206, 132, 197, 238, 132, 41, 52, 162, 132, 86, 162, 322, 230, 175, 210, 116, 178, 146, 134, 178, 343, 159, 190, 14, 148, 198, 0, 166, 198, 180, 195, 212, 42, 142, 221, 6, 178, 239, 52, 92, 242, 311, 129, 244, 356, 170, 248, 65, 85, 260, 113, 168, 279, 90, 130, 282, 108, 178, 286, 257, 99, 295, 290, 193, 298, 98, 88, 316, 287, 111, 316, 297, 123, 328, 127, 93, 335, 297, 153, 334, 117, 89, 338, 267,
10010_1, 45, 134, 29, 148, 129, 40, 338, 69, 58, 315, 100, 75, 325, 119, 80, 339, 187, 82, 190, 15, 118, 308, 140, 118, 347, 83, 139, 319, 240, 141, 38, 208, 144, 197, 51, 174, 136, 86, 172, 323, 131, 184, 345, 118, 191, 149, 237, 187, 207, 31, 190, 312, 165, 198, 27, 173, 206, 201, 148, 211, 357, 199, 217, 39, 143, 227, 8, 94, 245, 315, 132, 249, 0, 179, 246, 46, 171, 253, 62, 141, 261, 70, 39, 267, 114, 83, 267, 111, 205, 268, 72, 167, 285, 93, 116, 288, 121, 127, 286, 118, 98, 300, 288, 49, 305, 96, 105, 308, 298, 213, 318, 93, 87, 319, 287, 111, 321, 301, 122, 326, 127, 157, 329, 115, 84, 345, 266, 93, 346, 291, 104, 348, 309, 122, 347, 134,
10011_0, 30, 171, 32, 198, 206, 36, 217, 122, 38, 10, 17, 69, 136, 75, 78, 343, 141, 76, 191, 224, 80, 221, 84, 93, 160, 16, 96, 325, 193, 102, 45, 133, 104, 27, 147, 117, 205, 42, 129, 325, 221, 130, 226, 134, 134, 30, 167, 145, 212, 178, 157, 52, 107, 165, 23, 110, 183, 38, 172, 187, 42, 78, 191, 357, 184, 191, 221, 124, 194, 215, 20, 198, 304, 52, 215, 322, 58, 235, 319, 86, 239, 65, 70, 257, 103, 85, 268, 98, 106, 272, 93,
10011_1, 28, 85, 87, 321, 230, 85, 188, 155, 97, 345, 198, 102, 6, 123, 104, 335, 61, 133, 325, 94, 139, 321, 225, 139, 194, 170, 149, 3, 227, 151, 15, 81, 168, 150, 33, 179, 326, 124, 183, 349, 194, 185, 188, 60, 199, 329, 132, 202, 163, 190, 214, 23, 203, 225, 201, 91, 235, 332, 190, 247, 23, 158, 271, 20, 161, 289, 34, 120, 293, 350, 176, 299, 212, 101, 329, 333, 117, 331, 13, 107, 340, 10, 124, 343, 190,
10012_0, 29, 166, 12, 207, 95, 18, 190, 94, 60, 180, 129, 63, 186, 190, 70, 205, 37, 74, 169, 122, 75, 11, 189, 97, 200, 144, 114, 187, 110, 120, 174, 149, 130, 17, 32, 142, 152, 120, 147, 174, 88, 184, 156, 190, 193, 208, 118, 201, 3, 90, 209, 142, 131, 216, 176, 107, 226, 345, 132, 257, 176, 53, 264, 113, 245, 263, 239, 92, 280, 104, 134, 280, 53, 128, 293, 72, 46, 298, 98, 246, 299, 236, 79, 326, 262, 238, 338, 232,
10012_1, 29, 60, 15, 190, 93, 60, 186, 54, 62, 180, 154, 66, 204, 88, 72, 8, 152, 93, 198, 111, 110, 186, 78, 117, 174, 115, 127, 14, 88, 145, 177, 139, 145, 194, 134, 151, 20, 59, 182, 153, 158, 190, 207, 89, 200, 0, 64, 209, 143, 102, 215, 174, 77, 226, 343, 214, 253, 77, 106, 258, 174, 211, 262, 243, 110, 276, 58, 22, 278, 290, 29, 285, 100, 61, 284, 104, 108, 286, 60, 18, 297, 98, 106, 301, 68, 52, 329, 264,
10013_0, 35, 147, 29, 17, 177, 41, 198, 167, 53, 194, 133, 88, 169, 98, 99, 152, 54, 109, 323, 101, 115, 333, 83, 145, 136, 234, 160, 221, 138, 162, 149, 176, 181, 183, 145, 191, 131, 90, 207, 307, 100, 224, 113, 179, 225, 63, 136, 230, 107, 34, 239, 131, 228, 238, 70, 175, 252, 66, 211, 259, 246, 67, 263, 121, 98, 266, 110, 207, 279, 233, 240, 293, 236, 91, 297, 104, 112, 296, 79, 223, 296, 226, 214, 302, 207, 80, 313, 122, 93, 317, 73, 219, 322, 180, 123, 330, 245, 199, 329, 0, 84, 336, 335, 105, 349, 225,
10013_1, 33, 133, 13, 194, 97, 48, 163, 61, 57, 153, 66, 77, 332, 46, 110, 135, 195, 124, 225, 103, 127, 145, 139, 144, 181, 109, 155, 127, 55, 174, 302, 67, 189, 113, 143, 187, 66, 102, 197, 107, 189, 203, 68, 140, 217, 68, 174, 223, 246, 34, 231, 117, 65, 231, 104, 167, 243, 232, 184, 248, 246, 201, 256, 238, 80, 260, 82, 60, 266, 101, 179, 265, 204, 218, 270, 219, 201, 274, 203, 48, 282, 120, 61, 284, 73, 92, 298, 243, 53, 305, 335, 76, 317, 222, 32, 319, 354, 97, 332, 217,
10014_0, 46, 81, 28, 158, 91, 34, 0, 161, 75, 208, 131, 77, 193, 155, 76, 38, 39, 84, 323, 187, 82, 49, 116, 89, 17, 128, 102, 193, 205, 109, 235, 145, 125, 52, 102, 128, 149, 193, 129, 44, 202, 133, 222, 223, 139, 242, 89, 147, 132, 153, 155, 229, 102, 158, 122, 119, 170, 110, 196, 166, 68, 135, 171, 210, 124, 172, 52, 87, 186, 101, 101, 204, 87, 142, 209, 245, 111, 213, 68, 60, 222, 90, 164, 225, 98, 47, 228, 100, 142, 227, 270, 218, 226, 76, 138, 230, 238, 199, 234, 90, 127, 237, 30, 141, 241, 281, 124, 253, 34, 151, 253, 295, 218, 261, 93, 46, 270, 101, 194, 269, 276, 173, 272, 158, 114, 298, 38, 187, 300, 134, 137, 305, 218, 182, 313, 149, 104, 328, 38,
10014_1, 40, 83, 40, 158, 201, 42, 219, 93, 47, 357, 131, 88, 191, 187, 94, 52, 40, 97, 323, 117, 100, 20, 129, 113, 190, 205, 121, 233, 146, 137, 53, 104, 140, 146, 224, 151, 239, 89, 160, 127, 223, 168, 243, 104, 170, 121, 158, 169, 235, 122, 179, 124, 196, 179, 68, 136, 183, 208, 126, 184, 53, 86, 200, 101, 103, 218, 89, 143, 221, 243, 113, 227, 69, 62, 234, 90, 221, 233, 66, 49, 240, 98, 143, 238, 270, 165, 241, 101, 139, 245, 242, 199, 247, 89, 128, 250, 35, 130, 266, 28, 195, 280, 276, 180, 284, 143, 121, 288, 51, 128, 290, 32, 181, 304, 293, 115, 311, 39, 136, 318, 219,
10015_0, 42, 165, 8, 354, 189, 28, 6, 209, 47, 193, 167, 52, 354, 206, 64, 14, 77, 77, 136, 157, 92, 350, 142, 107, 145, 200, 110, 24, 40, 131, 128, 213, 132, 37, 166, 153, 0, 202, 153, 51, 112, 156, 307, 165, 171, 15, 162, 195, 96, 166, 192, 82, 82, 195, 304, 53, 196, 305, 157, 196, 124, 111, 201, 305, 232, 202, 75, 220, 210, 84, 140, 214, 107, 154, 229, 118, 30, 240, 349, 229, 241, 97, 62, 249, 333, 201, 251, 107, 219, 257, 278, 161, 264, 121, 232, 274, 104, 247, 287, 98, 64, 294, 0, 97, 296, 333, 220, 312, 293, 108, 316, 346, 134, 316, 316, 41, 332, 197, 101, 339, 357, 224, 342, 312, 65, 344, 15,
10015_1, 43, 138, 8, 353, 138, 24, 340, 168, 26, 163, 201, 36, 14, 114, 42, 149, 159, 41, 352, 228, 49, 24, 174, 58, 6, 206, 78, 190, 166, 85, 350, 208, 92, 20, 78, 114, 134, 158, 126, 346, 143, 142, 143, 200, 142, 20, 214, 163, 35, 44, 167, 125, 166, 185, 0, 28, 184, 314, 208, 185, 49, 115, 190, 307, 168, 203, 15, 173, 216, 59, 160, 228, 124, 57, 231, 304, 86, 230, 302, 165, 229, 96, 116, 232, 302, 235, 233, 75, 223, 241, 84, 158, 260, 117, 232, 272, 96, 36, 275, 346, 205, 279, 104, 65, 282, 336, 20, 287, 356, 222, 288, 278, 157, 290, 115, 18, 306, 6, 236, 304, 101, 100, 330, 332, 67, 329, 354, 223, 345, 293,
10016_0, 30, 101, 25, 23, 94, 36, 156, 61, 43, 113, 45, 74, 93, 168, 88, 59, 141, 92, 83, 155, 101, 73, 94, 112, 55, 121, 116, 276, 147, 120, 94, 63, 127, 72, 176, 127, 69, 107, 136, 238, 129, 138, 297, 96, 140, 45, 173, 143, 98, 169, 167, 318, 128, 173, 356, 129, 191, 20, 139, 190, 357, 89, 193, 49, 86, 202, 239, 51, 212, 219, 76, 215, 224, 111, 219, 214, 147, 229, 191, 57, 240, 218, 107, 243, 198, 153, 251, 186, 62, 269, 203,
10016_1, 37, 141, 35, 24, 122, 50, 23, 41, 63, 118, 118, 65, 160, 85, 71, 117, 67, 98, 98, 18, 106, 107, 41, 120, 97, 186, 120, 63, 159, 124, 87, 172, 132, 79, 112, 140, 59, 33, 144, 276, 128, 142, 259, 140, 147, 273, 77, 153, 76, 164, 151, 98, 135, 155, 248, 191, 160, 73, 112, 168, 49, 123, 166, 242, 12, 174, 93, 187, 177, 104, 182, 199, 322, 141, 202, 0, 137, 213, 21, 103, 222, 48, 151, 220, 3, 92, 224, 242, 63, 237, 222, 88, 240, 226, 124, 248, 218, 157, 259, 194, 68, 263, 210, 112, 273, 205, 162, 281, 188, 71, 293, 194,
10017_0, 38, 62, 45, 145, 78, 58, 349, 34, 67, 321, 121, 74, 28, 112, 93, 188, 50, 107, 322, 100, 116, 27, 32, 119, 307, 26, 126, 284, 56, 126, 319, 102, 129, 46, 28, 136, 304, 84, 140, 32, 43, 144, 110, 61, 155, 309, 80, 155, 66, 153, 155, 63, 70, 161, 110, 77, 161, 76, 102, 162, 76, 13, 172, 93, 75, 177, 98, 127, 180, 84, 23, 185, 281, 54, 189, 79, 146, 196, 84, 61, 201, 264, 67, 209, 277, 82, 210, 122, 95, 212, 104, 61, 224, 256, 111, 238, 96, 96, 251, 110, 74, 261, 117, 81, 292, 290, 74, 317, 330, 108, 318, 302, 93, 322, 304,
10017_1, 43, 119, 32, 329, 138, 54, 145, 154, 67, 345, 111, 71, 321, 196, 79, 24, 243, 83, 212, 185, 96, 183, 108, 114, 120, 126, 112, 322, 175, 116, 24, 116, 126, 118, 135, 129, 319, 179, 133, 49, 236, 139, 56, 161, 144, 34, 127, 147, 113, 138, 158, 312, 229, 157, 68, 179, 167, 79, 153, 182, 101, 203, 184, 84, 100, 190, 281, 81, 194, 97, 132, 194, 79, 222, 200, 84, 235, 203, 73, 139, 205, 264, 80, 212, 98, 159, 214, 121, 173, 214, 104, 59, 229, 96, 188, 242, 96, 107, 249, 48, 137, 249, 198, 156, 251, 135, 174, 254, 110, 144, 258, 158, 224, 263, 90, 154, 266, 128, 224, 282, 270, 200, 312, 135, 204, 315, 284, 152, 320, 330,
10018_0, 15, 164, 94, 203, 88, 114, 194, 212, 138, 27, 137, 152, 186, 231, 158, 208, 93, 180, 184, 134, 178, 11, 242, 212, 207, 227, 234, 207, 106, 278, 166, 141, 294, 186, 65, 306, 138, 105, 310, 152, 134, 313, 166, 106, 337, 131,
10018_1, 17, 82, 35, 197, 130, 73, 186, 128, 99, 11, 86, 100, 184, 233, 127, 205, 221, 149, 204, 102, 199, 172, 135, 214, 186, 60, 225, 139, 100, 230, 155, 126, 239, 163, 102, 256, 132, 139, 270, 153, 129, 287, 79, 136, 287, 48, 89, 305, 84, 140, 340, 226,
10019_0, 17, 139, 47, 31, 148, 91, 212, 135, 103, 38, 48, 118, 169, 145, 168, 229, 71, 197, 158, 184, 198, 68, 48, 217, 110, 68, 219, 41, 111, 223, 235, 68, 230, 82, 24, 239, 93, 81, 247, 70, 13, 257, 87, 75, 273, 70, 56, 285, 249, 92, 285, 246,
10019_1, 14, 86, 17, 195, 141, 16, 208, 165, 22, 35, 145, 32, 35, 155, 78, 214, 140, 89, 42, 52, 100, 172, 146, 158, 238, 181, 188, 73, 47, 194, 118, 109, 210, 238, 19, 219, 101, 78, 234, 75, 9, 245, 87,