A1, 50, 120, 17, 352, 142, 58, 174, 214, 71, 37, 58, 98, 131, 66, 98, 323, 129, 110, 7, 198, 110, 42, 69, 124, 118, 180, 135, 59, 40, 137, 113, 114, 147, 342, 165, 146, 66, 197, 148, 60, 140, 157, 84, 123, 162, 107, 226, 161, 63, 158, 173, 90, 185, 175, 83, 118, 179, 287, 223, 191, 79, 58, 201, 80, 21, 205, 276, 115, 210, 183, 213, 208, 262, 151, 224, 127, 164, 233, 122, 113, 235, 169, 200, 239, 105, 230, 240, 91, 182, 243, 120, 246, 245, 84, 115, 251, 160, 136, 267, 139, 150, 271, 307, 128, 282, 312, 185, 285, 298, 45, 287, 219, 77, 288, 3, 27, 291, 212, 152, 290, 148, 229, 292, 297, 105, 300, 177, 218, 306, 323, 89, 315, 1, 134, 316, 326, 159, 317, 325, 160, 324, 338, 201, 332, 343, 148, 337, 352, 172, 339, 346,
A2, 56, 76, 14, 332, 50, 33, 139, 120, 32, 158, 61, 52, 322, 136, 58, 353, 71, 79, 321, 94, 80, 148, 44, 84, 131, 205, 88, 197, 73, 93, 322, 128, 94, 354, 51, 111, 118, 181, 125, 42, 226, 123, 35, 158, 128, 37, 113, 135, 330, 15, 149, 290, 140, 152, 79, 225, 151, 48, 137, 156, 107, 164, 154, 77, 27, 162, 111, 182, 166, 76, 125, 176, 276, 231, 181, 62, 125, 187, 298, 134, 192, 308, 76, 194, 73, 122, 195, 259, 222, 193, 76, 209, 199, 96, 171, 214, 143, 233, 221, 90, 151, 235, 319, 40, 239, 62, 173, 242, 149, 87, 254, 30, 237, 251, 114, 205, 257, 138, 135, 267, 184, 230, 267, 294, 239, 268, 152, 199, 272, 312, 244, 274, 276, 142, 277, 353, 39, 286, 225, 62, 287, 217, 175, 292, 340, 124, 296, 3, 215, 300, 349, 109, 310, 201, 148, 314, 354, 125, 329, 195, 147, 329, 3, 76, 333, 186, 98, 335, 186,
A3, 46, 69, 32, 0, 128, 44, 186, 178, 59, 191, 202, 75, 200, 191, 85, 28, 53, 93, 153, 123, 98, 177, 193, 98, 203, 56, 107, 336, 87, 110, 347, 18, 129, 152, 52, 132, 156, 31, 135, 336, 63, 149, 149, 102, 155, 163, 155, 165, 193, 37, 183, 323, 205, 182, 49, 239, 192, 59, 120, 202, 146, 51, 207, 128, 224, 205, 233, 138, 213, 166, 219, 220, 68, 120, 225, 107, 68, 236, 114, 124, 235, 66, 144, 246, 236, 193, 246, 87, 131, 251, 246, 143, 257, 240, 157, 256, 276, 65, 261, 93, 50, 262, 110, 143, 264, 207, 81, 265, 276, 44, 279, 100, 225, 282, 91, 193, 285, 117, 25, 296, 115, 35, 309, 65, 164, 312, 163, 53, 321, 214, 95, 330, 194, 57, 346, 186, 72, 348, 6,
A4, 28, 126, 17, 8, 147, 55, 200, 45, 62, 322, 88, 69, 340, 117, 68, 170, 152, 75, 44, 77, 100, 343, 24, 106, 121, 56, 121, 323, 104, 125, 166, 19, 132, 301, 82, 134, 343, 113, 139, 53, 83, 147, 357, 81, 191, 118, 103, 190, 89, 149, 190, 256, 118, 203, 90, 165, 202, 79, 145, 206, 87, 54, 209, 288, 60, 213, 301, 92, 211, 114, 72, 225, 150, 21, 230, 70, 58, 244, 172, 169, 257, 93, 87, 306, 318,
A5, 25, 164, 66, 160, 131, 69, 330, 182, 72, 357, 99, 87, 321, 72, 96, 135, 134, 100, 332, 185, 121, 0, 144, 134, 145, 117, 144, 328, 137, 145, 329, 59, 154, 308, 193, 166, 172, 212, 167, 6, 163, 173, 343, 170, 183, 158, 147, 192, 338, 173, 190, 347, 184, 204, 169, 199, 227, 172, 61, 230, 307, 135, 235, 323, 101, 255, 307, 127, 276, 314, 178, 278, 356, 137, 291, 319,
A6, 35, 133, 51, 86, 66, 54, 84, 105, 62, 101, 145, 62, 83, 77, 74, 253, 82, 79, 293, 219, 83, 76, 78, 87, 243, 94, 85, 146, 162, 87, 90, 206, 86, 79, 126, 88, 110, 50, 115, 23, 73, 120, 195, 94, 120, 149, 221, 120, 256, 210, 124, 82, 123, 134, 297, 44, 145, 23, 66, 153, 200, 167, 155, 114, 178, 156, 104, 208, 157, 84, 106, 164, 145, 63, 167, 354, 143, 200, 302, 213, 200, 290, 84, 209, 180, 147, 213, 308, 111, 224, 338, 172, 228, 315, 194, 235, 326, 148, 241, 333, 93, 263, 353, 151, 265, 349,
A7, 23, 94, 86, 6, 95, 94, 177, 75, 110, 354, 100, 131, 177, 140, 131, 23, 113, 147, 24, 131, 145, 30, 170, 158, 215, 54, 161, 128, 47, 176, 312, 59, 180, 127, 107, 206, 169, 172, 222, 233, 87, 223, 328, 100, 228, 97, 112, 228, 45, 151, 228, 59, 107, 234, 63, 29, 242, 96, 138, 245, 228, 104, 264, 62, 156, 291, 246, 136, 292, 236,
A8, 26, 82, 46, 138, 139, 50, 158, 96, 74, 323, 152, 75, 345, 158, 81, 160, 73, 87, 316, 81, 98, 132, 152, 105, 349, 99, 115, 134, 182, 115, 177, 112, 118, 323, 201, 120, 14, 63, 123, 309, 142, 125, 343, 189, 157, 27, 100, 165, 315, 193, 165, 194, 117, 180, 316, 97, 195, 113, 51, 197, 113, 137, 233, 293, 125, 250, 83, 187, 265, 127, 72, 269, 89, 171, 275, 242, 176, 280, 305,
A9, 20, 158, 50, 177, 209, 57, 211, 162, 70, 14, 194, 93, 210, 191, 107, 58, 115, 120, 340, 155, 132, 45, 88, 150, 307, 148, 148, 172, 175, 150, 231, 228, 156, 267, 140, 157, 135, 145, 160, 90, 138, 172, 107, 166, 189, 103, 157, 262, 121, 67, 270, 319, 196, 273, 293, 122, 291, 311, 146, 290, 305,
A10, 47, 59, 11, 187, 113, 10, 35, 141, 20, 217, 41, 31, 4, 169, 56, 45, 99, 63, 210, 66, 66, 188, 54, 77, 7, 190, 78, 228, 37, 90, 166, 134, 107, 222, 29, 111, 350, 168, 113, 232, 136, 131, 228, 162, 131, 59, 190, 137, 55, 104, 154, 219, 129, 159, 232, 169, 157, 242, 56, 164, 193, 160, 164, 222, 12, 170, 333, 209, 177, 232, 190, 182, 194, 202, 184, 212, 209, 192, 180, 62, 210, 204, 54, 219, 34, 10, 223, 328, 22, 248, 11, 39, 250, 25, 165, 251, 184, 130, 254, 207, 56, 258, 211, 146, 260, 0, 166, 267, 186, 90, 284, 205, 45, 287, 212, 33, 289, 28, 190, 290, 173, 30, 295, 210, 116, 300, 194, 49, 324, 194, 81, 324, 188, 87, 338, 169, 149, 338, 357, 72, 341, 359,
A11, 44, 126, 12, 338, 30, 24, 307, 62, 67, 314, 183, 71, 28, 137, 96, 346, 213, 102, 49, 156, 105, 158, 190, 110, 52, 68, 112, 118, 110, 116, 117, 18, 124, 298, 22, 130, 113, 159, 140, 96, 171, 140, 76, 125, 143, 101, 200, 168, 90, 213, 168, 87, 166, 185, 273, 160, 197, 264, 196, 197, 104, 203, 197, 270, 132, 206, 49, 156, 208, 229, 109, 211, 63, 88, 216, 267, 33, 217, 84, 173, 218, 148, 78, 224, 63, 62, 230, 58, 147, 236, 219, 76, 247, 231, 60, 252, 44, 146, 253, 205, 125, 258, 27, 169, 259, 166, 45, 267, 232, 60, 266, 238, 112, 270, 225, 184, 274, 149, 47, 291, 214, 163, 293, 336, 65, 316, 203, 113, 317, 203, 144, 317, 6,
A12, 36, 95, 45, 169, 110, 63, 160, 64, 78, 326, 128, 98, 166, 156, 102, 38, 39, 124, 300, 169, 126, 70, 55, 132, 311, 49, 137, 103, 150, 143, 84, 126, 150, 125, 135, 152, 120, 69, 157, 297, 144, 159, 108, 158, 161, 262, 70, 170, 297, 193, 173, 273, 50, 177, 121, 188, 182, 108, 96, 185, 122, 142, 186, 288, 73, 189, 294, 83, 195, 307, 182, 200, 288, 47, 204, 148, 178, 210, 290, 80, 219, 278, 63, 220, 143, 62, 236, 153, 118, 243, 290, 77, 247, 148, 108, 256, 308, 80, 267, 325, 93, 266, 158, 143, 267, 298, 102, 288, 349,
A13, 54, 172, 17, 53, 166, 36, 224, 54, 39, 20, 119, 38, 205, 153, 40, 41, 102, 47, 23, 50, 56, 180, 171, 57, 225, 38, 60, 6, 145, 81, 221, 73, 100, 194, 177, 104, 229, 96, 127, 203, 220, 130, 215, 145, 133, 224, 13, 153, 318, 118, 153, 211, 83, 156, 184, 81, 167, 170, 145, 168, 217, 27, 169, 121, 203, 178, 215, 72, 181, 129, 39, 194, 104, 107, 193, 181, 179, 205, 212, 243, 205, 224, 70, 211, 82, 108, 213, 37, 84, 217, 295, 101, 218, 48, 162, 222, 35, 42, 226, 77, 197, 229, 217, 75, 233, 252, 132, 245, 31, 32, 249, 59, 167, 245, 218, 199, 255, 208, 55, 261, 232, 165, 260, 208, 142, 262, 215, 145, 277, 197, 190, 277, 200, 105, 283, 204, 78, 290, 194, 101, 293, 197, 174, 298, 194, 74, 310, 177, 167, 310, 191, 62, 316, 0, 168, 330, 180, 214, 330, 197, 81, 331, 173,
A14, 12, 69, 117, 152, 84, 129, 142, 214, 127, 62, 229, 134, 235, 195, 145, 239, 180, 160, 72, 212, 190, 79, 58, 203, 110, 44, 238, 101, 168, 261, 101, 126, 268, 131, 84, 276, 217,
A15, 37, 181, 53, 8, 100, 86, 325, 60, 90, 128, 166, 112, 8, 43, 122, 307, 203, 128, 42, 102, 130, 134, 124, 131, 338, 166, 148, 35, 119, 151, 342, 157, 162, 49, 174, 174, 68, 26, 175, 280, 125, 178, 113, 215, 183, 70, 145, 194, 117, 132, 208, 287, 26, 211, 281, 86, 213, 77, 126, 214, 273, 74, 219, 84, 221, 222, 90, 122, 225, 222, 196, 223, 103, 139, 234, 152, 159, 236, 127, 181, 235, 103, 39, 244, 76, 104, 244, 224, 26, 255, 86, 137, 254, 152, 148, 253, 302, 112, 256, 177, 155, 256, 136, 217, 267, 105, 122, 279, 158, 137, 286, 143,
A16, 21, 67, 67, 340, 116, 106, 6, 140, 109, 188, 66, 112, 149, 41, 117, 323, 66, 118, 330, 174, 156, 204, 100, 171, 352, 23, 199, 298, 200, 205, 53, 23, 221, 287, 155, 243, 68, 99, 246, 87, 222, 255, 62, 122, 256, 73, 27, 264, 273, 180, 265, 82, 207, 275, 72, 79, 282, 73, 141, 280, 250, 136, 287, 240,
A17, 44, 97, 37, 0, 188, 48, 194, 153, 49, 11, 95, 57, 6, 167, 62, 191, 32, 86, 352, 102, 87, 181, 124, 117, 11, 178, 117, 200, 89, 169, 8, 33, 178, 349, 71, 186, 8, 69, 197, 17, 135, 204, 35, 83, 206, 34, 60, 219, 59, 13, 224, 100, 46, 225, 82, 87, 225, 55, 127, 223, 42, 129, 237, 52, 59, 238, 104, 91, 242, 90, 35, 249, 276, 157, 247, 55, 43, 250, 277, 33, 252, 242, 109, 253, 84, 122, 253, 70, 11, 257, 253, 52, 258, 294, 54, 272, 148, 135, 272, 76, 54, 291, 328, 95, 291, 127, 76, 292, 143, 158, 300, 59, 104, 306, 128, 147, 305, 90, 158, 321, 83, 124, 325, 125, 33, 330, 340, 188, 330, 221, 173, 336, 190,
A18, 30, 71, 38, 177, 181, 47, 207, 116, 51, 193, 23, 68, 354, 81, 96, 10, 215, 139, 48, 41, 142, 346, 185, 173, 52, 93, 177, 204, 87, 188, 42, 108, 191, 60, 160, 196, 70, 72, 201, 65, 105, 204, 232, 198, 207, 59, 71, 214, 98, 14, 223, 311, 21, 230, 120, 148, 231, 264, 210, 240, 65, 203, 244, 104, 114, 248, 300, 86, 257, 298, 208, 265, 278, 164, 280, 323, 97, 314, 333, 159, 316, 335, 82, 351, 160, 103, 351, 346, 157, 351, 346,
A19, 31, 77, 61, 176, 128, 76, 198, 188, 80, 214, 143, 97, 203, 148, 108, 197, 63, 162, 160, 182, 180, 37, 79, 188, 152, 43, 193, 143, 138, 199, 188, 125, 208, 167, 76, 213, 135, 107, 222, 132, 220, 220, 55, 138, 228, 152, 110, 240, 110, 156, 240, 201, 198, 243, 66, 129, 249, 68, 158, 250, 177, 191, 259, 117, 38, 266, 104, 166, 265, 273, 222, 265, 82, 213, 271, 108, 150, 275, 21, 185, 274, 291, 61, 279, 79, 74, 287, 75, 108, 288, 37, 125, 288, 34,
A20, 24, 160, 58, 350, 63, 65, 142, 74, 96, 323, 130, 97, 345, 137, 104, 163, 52, 109, 316, 60, 119, 134, 130, 126, 352, 77, 137, 135, 159, 137, 177, 90, 139, 326, 41, 144, 312, 180, 142, 14, 119, 147, 343, 167, 178, 27, 78, 186, 316, 171, 186, 194, 94, 202, 316, 75, 216, 113, 221, 233, 53, 115, 254, 293, 104, 271, 83, 154, 283, 266, 167, 283, 115,
A21, 28, 74, 77, 330, 158, 79, 215, 136, 86, 200, 197, 97, 231, 181, 136, 70, 139, 155, 65, 187, 163, 255, 112, 171, 93, 117, 169, 77, 106, 172, 107, 179, 180, 82, 98, 187, 105, 147, 188, 87, 69, 193, 285, 189, 202, 84, 164, 213, 270, 93, 217, 284, 74, 227, 281, 50, 230, 83, 67, 243, 267, 73, 245, 287, 96, 250, 122, 183, 262, 90, 103, 262, 122, 75, 268, 264, 147, 269, 115, 71, 277, 238, 135, 284, 295,
A22, 45, 48, 14, 155, 144, 29, 28, 169, 32, 211, 88, 36, 8, 53, 42, 141, 101, 42, 183, 180, 51, 53, 79, 54, 152, 100, 57, 163, 69, 72, 118, 175, 79, 73, 128, 86, 218, 60, 89, 304, 155, 95, 245, 182, 118, 96, 210, 120, 83, 136, 123, 139, 158, 141, 120, 78, 144, 42, 31, 153, 63, 109, 156, 0, 72, 157, 45, 51, 162, 52, 133, 165, 173, 122, 192, 186, 208, 190, 297, 184, 213, 328, 227, 212, 311, 162, 218, 332, 131, 224, 346, 114, 226, 183, 30, 233, 221, 27, 244, 208, 190, 251, 352, 161, 255, 172, 22, 256, 203, 54, 256, 188, 79, 266, 176, 133, 270, 357, 67, 276, 0, 178, 291, 3, 87, 292, 180, 98, 304, 0, 127, 304, 177, 64, 308, 172,
A23, 24, 66, 84, 333, 202, 83, 45, 131, 86, 11, 155, 98, 197, 57, 126, 125, 198, 128, 228, 170, 141, 215, 88, 146, 329, 46, 155, 301, 150, 155, 204, 217, 184, 66, 66, 205, 100, 114, 206, 94, 217, 210, 70, 183, 218, 84, 201, 219, 79, 142, 226, 250, 119, 237, 44, 155, 250, 135, 91, 264, 76, 141, 259, 188, 107, 264, 44, 164, 263, 118, 144, 299, 312,
A24, 23, 173, 65, 208, 134, 72, 156, 178, 86, 208, 174, 104, 210, 76, 133, 103, 152, 133, 58, 191, 135, 239, 221, 136, 90, 145, 142, 69, 94, 151, 83, 188, 155, 239, 174, 161, 228, 185, 164, 233, 206, 163, 127, 199, 168, 281, 218, 166, 98, 159, 196, 0, 176, 196, 190, 206, 203, 150, 133, 211, 28, 154, 218, 200, 171, 232, 352, 156, 264, 191,
A25, 43, 71, 13, 172, 232, 19, 218, 172, 26, 215, 128, 36, 200, 188, 89, 218, 97, 103, 14, 118, 108, 194, 192, 106, 49, 86, 109, 174, 189, 134, 229, 38, 137, 138, 146, 150, 52, 92, 151, 163, 206, 157, 53, 242, 165, 58, 37, 185, 104, 99, 189, 68, 67, 197, 87, 201, 197, 68, 173, 204, 79, 14, 208, 111, 128, 208, 107, 114, 219, 236, 243, 217, 62, 139, 221, 103, 18, 224, 84, 154, 225, 93, 86, 227, 32, 113, 227, 228, 107, 229, 222, 71, 233, 52, 221, 238, 87, 50, 241, 68, 64, 249, 49, 240, 247, 73, 161, 254, 108, 175, 263, 101, 112, 272, 194, 76, 284, 232, 69, 291, 27, 126, 292, 163, 86, 313, 207, 124, 325, 338,
A26, 38, 123, 13, 7, 149, 13, 183, 61, 34, 148, 89, 56, 346, 141, 58, 188, 22, 65, 316, 103, 67, 6, 153, 74, 37, 10, 84, 110, 155, 101, 49, 110, 106, 38, 185, 110, 58, 53, 116, 298, 151, 120, 62, 176, 122, 232, 106, 125, 117, 123, 130, 70, 22, 138, 281, 68, 150, 293, 192, 148, 73, 175, 185, 264, 164, 190, 90, 8, 194, 76, 39, 194, 276, 188, 196, 84, 49, 201, 297, 211, 206, 76, 206, 245, 98, 67, 249, 332, 128, 259, 305, 144, 278, 316, 189, 289, 328, 246, 293, 194, 160, 299, 329, 118, 306, 352, 87, 307, 1, 153, 338, 346, 111, 346, 8,
A27, 30, 63, 58, 139, 91, 67, 149, 112, 70, 354, 43, 76, 318, 194, 76, 38, 176, 80, 203, 31, 90, 120, 51, 98, 316, 171, 110, 42, 47, 113, 117, 25, 129, 290, 167, 150, 63, 26, 155, 276, 128, 164, 114, 147, 168, 66, 132, 169, 73, 205, 173, 68, 143, 183, 90, 196, 181, 76, 181, 202, 90, 80, 211, 76, 92, 213, 70, 60, 215, 267, 71, 219, 79, 43, 234, 79, 99, 232, 250, 121, 246, 1, 182, 247, 101, 150, 259, 145, 129, 278, 194,
A28, 30, 141, 63, 21, 47, 68, 153, 84, 67, 166, 190, 70, 207, 67, 83, 346, 105, 84, 177, 164, 91, 200, 135, 132, 187, 215, 149, 42, 179, 161, 203, 72, 167, 333, 81, 170, 134, 58, 174, 128, 226, 175, 222, 112, 187, 148, 196, 201, 42, 49, 211, 301, 73, 221, 114, 141, 224, 143, 140, 237, 3, 140, 239, 98, 213, 238, 56, 223, 239, 232, 189, 252, 68, 81, 254, 90, 38, 258, 98, 179, 258, 80, 124, 259, 69, 116, 280, 59, 162, 285, 188,
A29, 36, 148, 69, 166, 117, 72, 169, 136, 76, 349, 85, 86, 343, 194, 93, 188, 108, 98, 166, 80, 108, 343, 108, 120, 160, 162, 135, 172, 218, 138, 194, 113, 154, 332, 223, 154, 194, 115, 160, 152, 147, 160, 346, 170, 163, 172, 183, 177, 172, 96, 178, 328, 35, 185, 115, 128, 187, 139, 32, 201, 298, 143, 200, 127, 174, 204, 136, 134, 243, 108, 165, 243, 66, 175, 245, 52, 194, 244, 38, 145, 251, 87, 116, 263, 101, 177, 263, 240, 117, 273, 281, 143, 284, 319, 108, 291, 297, 124, 292, 305, 203, 292, 204, 140, 298, 350, 186, 298, 197,
A30, 44, 85, 53, 163, 123, 68, 179, 168, 72, 246, 35, 76, 323, 108, 79, 159, 116, 95, 156, 179, 97, 84, 121, 111, 139, 177, 110, 105, 88, 117, 132, 142, 118, 115, 115, 121, 128, 146, 128, 290, 151, 132, 124, 175, 131, 108, 112, 136, 107, 136, 138, 287, 202, 138, 79, 127, 150, 281, 127, 160, 307, 142, 161, 122, 179, 170, 104, 123, 173, 287, 137, 180, 297, 53, 182, 96, 144, 187, 128, 120, 203, 235, 83, 206, 62, 98, 206, 35, 123, 217, 315, 191, 217, 110, 113, 221, 225, 140, 234, 149, 159, 232, 132, 89, 250, 225, 137, 260, 315, 112, 264, 177, 44, 279, 226, 65, 285, 217, 137, 283, 153, 143, 296, 322, 165, 295, 318, 187, 315, 326, 102, 328, 354,
A31, 22, 107, 48, 148, 160, 51, 11, 181, 58, 191, 141, 64, 0, 79, 72, 322, 165, 71, 177, 148, 102, 359, 177, 132, 186, 132, 137, 352, 78, 147, 323, 175, 154, 177, 95, 168, 127, 166, 166, 8, 196, 181, 200, 86, 188, 305, 95, 200, 322, 107, 223, 323, 142, 248, 152, 214, 247, 222, 120, 252, 336, 172, 250, 180, 123, 264, 124,
A32, 34, 158, 44, 18, 136, 67, 10, 79, 72, 152, 110, 70, 0, 192, 74, 211, 81, 83, 338, 131, 85, 184, 146, 85, 23, 127, 95, 18, 87, 101, 343, 170, 103, 208, 58, 128, 135, 86, 150, 335, 151, 149, 37, 111, 155, 15, 27, 166, 311, 103, 199, 1, 30, 213, 114, 145, 216, 65, 111, 220, 70, 107, 229, 97, 126, 236, 79, 84, 243, 304, 105, 241, 107, 91, 245, 113, 111, 251, 98, 157, 262, 72, 179, 262, 66, 138, 266, 93, 49, 271, 290, 209, 283, 243, 62, 289, 295, 151, 289, 76, 144, 297, 94,
A33, 22, 95, 71, 345, 53, 74, 333, 119, 74, 6, 112, 114, 169, 105, 120, 354, 57, 140, 338, 23, 158, 142, 107, 171, 23, 152, 175, 44, 113, 182, 188, 191, 189, 55, 107, 195, 28, 187, 222, 59, 198, 231, 235, 19, 238, 308, 110, 242, 203, 171, 250, 242, 144, 261, 73, 154, 266, 65, 91, 271, 113, 129, 294, 104, 82, 342, 328,
A34, 26, 69, 64, 150, 76, 65, 330, 86, 73, 343, 117, 74, 346, 113, 87, 166, 157, 85, 6, 41, 92, 328, 111, 98, 347, 51, 112, 142, 160, 119, 14, 68, 122, 332, 196, 127, 203, 151, 136, 180, 102, 159, 349, 183, 159, 20, 45, 173, 325, 68, 180, 141, 181, 190, 24, 158, 197, 190, 94, 227, 338, 182, 227, 200, 161, 243, 18, 91, 249, 345, 138, 280, 23, 133, 289, 180, 108, 294, 354,
A35, 42, 191, 38, 200, 99, 48, 332, 131, 53, 156, 228, 54, 212, 67, 70, 149, 54, 73, 326, 83, 89, 332, 156, 92, 3, 139, 95, 160, 189, 95, 197, 128, 106, 155, 57, 116, 139, 97, 122, 136, 125, 138, 340, 49, 161, 127, 154, 162, 172, 115, 172, 323, 99, 176, 120, 140, 178, 3, 149, 182, 152, 222, 182, 65, 153, 195, 52, 58, 209, 121, 226, 214, 243, 179, 226, 62, 64, 230, 98, 75, 229, 68, 215, 229, 66, 215, 248, 246, 61, 250, 335, 84, 250, 245, 42, 254, 305, 136, 255, 233, 93, 256, 243, 207, 264, 242, 194, 265, 235, 175, 279, 226, 156, 283, 218, 130, 288, 210, 87, 299, 10, 104, 302, 190, 157, 318, 204,
A36, 34, 131, 11, 352, 84, 14, 340, 124, 35, 160, 162, 38, 170, 112, 45, 346, 147, 43, 342, 62, 53, 142, 31, 63, 319, 54, 74, 321, 24, 77, 134, 119, 96, 354, 132, 109, 8, 137, 115, 188, 16, 120, 307, 140, 127, 17, 59, 132, 326, 201, 139, 37, 87, 147, 340, 182, 153, 45, 109, 155, 8, 140, 158, 37, 137, 183, 56, 101, 184, 20, 48, 189, 305, 204, 195, 58, 88, 197, 118, 101, 198, 98, 107, 204, 90, 158, 209, 76, 192, 215, 68, 56, 245, 297, 164, 249, 98, 40, 267, 128, 145, 323, 294,
A37, 36, 38, 51, 338, 102, 53, 35, 201, 63, 37, 58, 69, 0, 74, 69, 42, 36, 76, 107, 68, 79, 96, 90, 84, 68, 161, 82, 55, 60, 85, 152, 185, 90, 49, 127, 92, 63, 114, 94, 66, 73, 98, 131, 80, 101, 104, 148, 105, 66, 105, 106, 87, 172, 123, 66, 143, 129, 250, 90, 134, 134, 102, 151, 121, 188, 151, 76, 36, 157, 158, 154, 161, 110, 77, 163, 145, 200, 171, 73, 133, 177, 127, 205, 188, 195, 134, 201, 302, 176, 204, 307, 154, 232, 316, 118, 238, 322, 136, 242, 148, 105, 260, 332, 141, 276, 329, 167, 292, 340,
A38, 33, 114, 44, 172, 141, 44, 11, 121, 56, 172, 89, 65, 347, 68, 73, 338, 169, 82, 195, 102, 85, 155, 83, 93, 339, 109, 99, 356, 138, 111, 173, 53, 119, 142, 42, 140, 321, 104, 140, 145, 194, 144, 37, 114, 150, 346, 151, 161, 183, 101, 178, 332, 43, 182, 312, 139, 188, 27, 131, 197, 27, 88, 201, 131, 112, 201, 333, 124, 211, 32, 121, 224, 118, 185, 246, 73, 137, 258, 113, 184, 261, 253, 50, 264, 307, 129, 262, 129, 143, 269, 84, 157, 275, 250, 158, 291, 194, 120, 300, 335,
A39, 33, 100, 44, 163, 191, 70, 21, 65, 92, 134, 52, 96, 325, 176, 94, 201, 206, 106, 27, 57, 115, 311, 105, 116, 340, 71, 143, 304, 82, 149, 120, 159, 149, 37, 184, 148, 215, 118, 174, 343, 160, 189, 51, 123, 192, 98, 129, 195, 55, 198, 197, 58, 172, 204, 231, 126, 209, 49, 200, 208, 242, 179, 215, 222, 158, 219, 217, 137, 222, 229, 229, 220, 217, 62, 230, 290, 107, 229, 287, 121, 229, 3, 188, 229, 204, 74, 232, 293, 198, 252, 194, 99, 253, 311, 188, 253, 191, 126, 289, 352,
A40, 27, 78, 54, 205, 166, 64, 17, 77, 69, 194, 38, 75, 211, 149, 81, 197, 80, 85, 6, 97, 101, 14, 87, 106, 193, 47, 113, 8, 140, 112, 194, 37, 126, 158, 58, 131, 174, 167, 154, 197, 164, 162, 15, 213, 172, 197, 161, 178, 197, 44, 198, 343, 154, 197, 191, 204, 196, 25, 77, 205, 172, 76, 213, 350, 204, 225, 200, 65, 230, 149, 157, 232, 20, 137, 239, 183, 51, 246, 328, 177, 246, 200,